"Image Name", "Elapsed Time", "Object #", "Frame #", "X", "Y", "Distance", "Time Interval", "Velocity", "Absolute Angle", "Distance To Origin", "Delta X", "Delta Y"
"Result of NSS_01", "00:00:00.000", 1, 1, 206.163, 124.975, 0, 0, 0, 0, 241.085, 0, 0
"Result of NSS_01", "00:00:00.142", 1, 2, 202.314, 126.888, 4.29789, 50, 0.0859578, -63.5713, 238.813, -3.84871, 1.91293
"Result of NSS_01", "00:00:00.143", 1, 3, 199.806, 127.031, 2.51215, 50, 0.050243, -86.7287, 236.769, -2.50806, 0.143356
"Result of NSS_01", "00:00:00.143", 1, 4, 198.756, 126.965, 1.05205, 50, 0.0210409, -93.5974, 235.848, -1.04997, -0.0660095
"Result of NSS_01", "00:00:00.143", 1, 5, 193.162, 123.965, 6.34838, 50, 0.126968, -118.205, 229.519, -5.5946, -3.0004
"Result of NSS_01", "00:00:00.143", 1, 6, 190.203, 123.567, 2.98551, 50, 0.0597102, -97.6719, 226.817, -2.95879, -0.39856
"Result of NSS_01", "00:00:00.143", 1, 7, 183.697, 119.846, 7.49461, 50, 0.149892, -119.767, 219.335, -6.50572, -3.72085
"Result of NSS_01", "00:00:00.143", 1, 8, 180.624, 119.41, 3.1036, 50, 0.062072, -98.0749, 216.527, -3.07283, -0.435951
"Result of NSS_01", "00:00:00.143", 1, 9, 180.027, 118.904, 0.782951, 50, 0.015659, -130.263, 215.749, -0.597458, -0.50602
"Result of NSS_01", "00:00:00.144", 1, 10, 174.769, 116.256, 5.88681, 50, 0.117736, -116.733, 209.904, -5.25758, -2.64808
"Result of NSS_01", "00:00:00.144", 1, 11, 172.868, 115.847, 1.94493, 50, 0.0388986, -102.137, 208.096, -1.90146, -0.408905
"Result of NSS_01", "00:00:00.144", 1, 12, 172.39, 116.006, 0.504331, 50, 0.0100866, -71.5503, 207.787, -0.478409, 0.159607
"Result of NSS_01", "00:00:00.144", 1, 13, 168.029, 114.219, 4.7126, 50, 0.094252, -112.294, 203.174, -4.36034, -1.78775
"Result of NSS_01", "00:00:00.145", 1, 14, 166.649, 114.052, 1.38965, 50, 0.027793, -96.8655, 201.941, -1.37968, -0.166115
"Result of NSS_01", "00:00:00.145", 1, 15, 162.935, 113.814, 3.72187, 50, 0.0744374, -93.6784, 198.75, -3.7142, -0.238777
"Result of NSS_01", "00:00:00.145", 1, 16, 161.503, 114.147, 1.47085, 50, 0.029417, -76.9103, 197.769, -1.43263, 0.333115
"Result of NSS_01", "00:00:00.145", 1, 17, 161.621, 114.104, 0.125951, 50, 0.00251903, 109.766, 197.841, 0.11853, -0.0425949
"Result of NSS_01", "00:00:00.145", 1, 18, 158.155, 115.114, 3.61005, 50, 0.0722011, -73.759, 195.613, -3.46599, 1.00966
"Result of NSS_01", "00:00:00.145", 1, 19, 156.617, 115.149, 1.5386, 50, 0.030772, -88.6806, 194.392, -1.53819, 0.0354309
"Result of NSS_01", "00:00:00.145", 1, 20, 152.555, 116.092, 4.17035, 50, 0.0834071, -76.9411, 191.703, -4.0625, 0.942307
"Result of NSS_01", "00:00:00.146", 1, 21, 150.968, 116.188, 1.58917, 50, 0.0317835, -86.5111, 190.502, -1.58623, 0.0967102
"Result of NSS_01", "00:00:00.146", 1, 22, 150.556, 116.085, 0.425085, 50, 0.0085017, -104.058, 190.113, -0.412354, -0.103256
"Result of NSS_01", "00:00:00.146", 1, 23, 147.669, 117.051, 3.04444, 50, 0.0608888, -71.492, 188.433, -2.88698, 0.966423
"Result of NSS_01", "00:00:00.146", 1, 24, 147.427, 117.065, 0.242478, 50, 0.00484956, -86.784, 188.252, -0.242096, 0.0136032
"Result of NSS_01", "00:00:00.146", 1, 25, 147.29, 117.014, 0.145893, 50, 0.00291787, -110.616, 188.113, -0.136551, -0.0513687
"Result of NSS_01", "00:00:00.147", 1, 26, 144.615, 117.726, 2.76893, 50, 0.0553786, -75.0901, 186.475, -2.6757, 0.712448
"Result of NSS_01", "00:00:00.147", 1, 27, 144.495, 118.017, 0.314401, 50, 0.00628802, -22.3225, 186.566, -0.119415, 0.29084
"Result of NSS_01", "00:00:00.147", 1, 28, 144.413, 118.353, 0.346357, 50, 0.00692715, -13.7859, 186.715, -0.0825348, 0.33638
"Result of NSS_01", "00:00:00.147", 1, 29, 143.94, 118.034, 0.570353, 50, 0.0114071, -124.113, 186.147, -0.472214, -0.31987
"Result of NSS_01", "00:00:00.147", 1, 30, 143.94, 118.034, 0, 50, 0, 0, 186.147, 0, 0
"Result of NSS_01", "00:00:00.148", 1, 31, 147.609, 116.743, 3.88895, 50, 0.077779, 109.378, 188.195, 3.66864, -1.29036
"Result of NSS_01", "00:00:00.148", 1, 32, 148.058, 116.912, 0.479414, 50, 0.00958828, 69.4419, 188.652, 0.448883, 0.16835
"Result of NSS_01", "00:00:00.148", 1, 33, 148.963, 118.074, 1.47276, 50, 0.0294552, 37.9029, 190.082, 0.904755, 1.16209
"Result of NSS_01", "00:00:00.148", 1, 34, 149.028, 118.107, 0.0734162, 50, 0.00146832, 63.1581, 190.154, 0.065506, 0.0331497
"Result of NSS_01", "00:00:00.148", 1, 35, 149.028, 118.107, 0, 50, 0, 0, 190.154, 0, 0
"Result of NSS_01", "00:00:00.148", 1, 36, 150.728, 119.1, 1.96903, 50, 0.0393806, 59.6908, 192.104, 1.69989, 0.993706
"Result of NSS_01", "00:00:00.148", 1, 37, 151.195, 119.079, 0.46767, 50, 0.00935339, 92.6668, 192.457, 0.467163, -0.021759
"Result of NSS_01", "00:00:00.148", 1, 38, 151.195, 119.079, 0, 50, 0, 0, 192.457, 0, 0
"Result of NSS_01", "00:00:00.149", 1, 39, 155.172, 120.622, 4.26512, 50, 0.0853024, 68.7932, 196.539, 3.97629, 1.54285
"Result of NSS_01", "00:00:00.149", 1, 40, 155.124, 120.942, 0.323741, 50, 0.00647481, -8.38255, 196.699, -0.0471954, 0.320282
"Result of NSS_01", "00:00:00.149", 1, 41, 160.887, 121.528, 5.79269, 50, 0.115854, 84.1948, 201.628, 5.76299, 0.585922
"Result of NSS_01", "00:00:00.149", 1, 42, 163.035, 122.687, 2.44058, 50, 0.0488116, 61.6369, 204.041, 2.1476, 1.15942
"Result of NSS_01", "00:00:00.149", 1, 43, 163.301, 123.096, 0.487775, 50, 0.00975549, 33.0612, 204.499, 0.266098, 0.408798
"Result of NSS_01", "00:00:00.150", 1, 44, 170.041, 124.442, 6.87309, 50, 0.137462, 78.7066, 210.712, 6.74001, 1.34599
"Result of NSS_01", "00:00:00.150", 1, 45, 174.538, 126.325, 4.87534, 50, 0.0975069, 67.2794, 215.457, 4.49701, 1.88305
"Result of NSS_01", "00:00:00.150", 1, 46, 185.046, 131.784, 11.8415, 50, 0.23683, 62.5495, 227.176, 10.5083, 5.45873
"Result of NSS_01", "00:00:00.150", 1, 47, 191.587, 134.977, 7.27843, 50, 0.145569, 63.9735, 234.359, 6.54033, 3.19368
"Result of NSS_01", "00:00:00.150", 1, 48, 194.064, 135.896, 2.64206, 50, 0.0528413, 69.6545, 236.915, 2.47723, 0.918594
"Result of NSS_01", "00:00:00.150", 1, 49, 202.589, 139.722, 9.34437, 50, 0.186887, 65.8292, 246.099, 8.52513, 3.82614
"Result of NSS_01", "00:00:00.150", 1, 50, 205.777, 140.733, 3.3444, 50, 0.0668881, 72.4154, 249.299, 3.18813, 1.01039
"Result of NSS_01", "00:00:00.151", 1, 51, 205.902, 140.771, 0.130627, 50, 0.00261255, 72.7335, 249.424, 0.124741, 0.0387726
"Result of NSS_01", "00:00:00.151", 1, 52, 211.751, 141.168, 5.86288, 50, 0.117258, 86.1194, 254.494, 5.84944, 0.39679
"Result of NSS_01", "00:00:00.151", 1, 53, 213.055, 140.961, 1.31989, 50, 0.0263978, 99.0392, 255.465, 1.3035, -0.207367
"Result of NSS_01", "00:00:00.151", 1, 54, 217.906, 139.643, 5.02737, 50, 0.100547, 105.196, 258.811, 4.85159, -1.31775
"Result of NSS_01", "00:00:00.151", 1, 55, 218.436, 140.193, 0.763245, 50, 0.0152649, 43.9033, 259.554, 0.529266, 0.549927
"Result of NSS_01", "00:00:00.152", 1, 56, 217.747, 140.029, 0.707779, 50, 0.0141556, -103.412, 258.886, -0.688477, -0.164169
"Result of NSS_01", "00:00:00.152", 1, 57, 221.533, 139.275, 3.86048, 50, 0.0772095, 101.257, 261.677, 3.78621, -0.753586
"Result of NSS_01", "00:00:00.152", 1, 58, 222.502, 139.398, 0.976315, 50, 0.0195263, 82.7769, 262.562, 0.968567, 0.122757
"Result of NSS_01", "00:00:00.152", 1, 59, 227.633, 139.909, 5.15681, 50, 0.103136, 84.3162, 267.192, 5.13145, 0.510727
"Result of NSS_01", "00:00:00.152", 1, 60, 230.221, 140.811, 2.7399, 50, 0.0547979, 70.7798, 269.869, 2.58717, 0.901978
"Result of NSS_01", "00:00:00.152", 1, 61, 230.559, 141.199, 0.51505, 50, 0.010301, 41.0252, 270.36, 0.338074, 0.388565
"Result of NSS_01", "00:00:00.153", 1, 62, 235.634, 140.743, 5.09532, 50, 0.101906, 95.1397, 274.466, 5.07483, -0.456451
"Result of NSS_01", "00:00:00.153", 1, 63, 239.221, 140.678, 3.58793, 50, 0.0717587, 91.0408, 277.519, 3.58734, -0.0651703
"Result of NSS_01", "00:00:00.153", 1, 64, 241.063, 140.635, 1.84313, 50, 0.0368625, 91.3208, 279.087, 1.84264, -0.0424805
"Result of NSS_01", "00:00:00.153", 1, 65, 247.643, 137.798, 7.1654, 50, 0.143308, 113.327, 283.4, 6.57968, -2.83739
"Result of NSS_01", "00:00:00.153", 1, 66, 252.215, 137.009, 4.63915, 50, 0.092783, 99.7834, 287.026, 4.57169, -0.7883
"Result of NSS_01", "00:00:00.153", 1, 67, 260.475, 133.573, 8.94694, 50, 0.178939, 112.59, 292.727, 8.26048, -3.43687
"Result of NSS_01", "00:00:00.154", 1, 68, 264.936, 132.831, 4.52199, 50, 0.0904397, 99.4373, 296.37, 4.46078, -0.741455
"Result of NSS_01", "00:00:00.154", 1, 69, 265.959, 132.779, 1.02381, 50, 0.0204761, 92.9038, 297.261, 1.02249, -0.0518646
"Result of NSS_01", "00:00:00.154", 1, 70, 266.796, 130.665, 2.27393, 50, 0.0454787, 158.389, 297.075, 0.837494, -2.11409
"Result of NSS_01", "00:00:00.154", 1, 71, 266.58, 130.91, 0.327107, 50, 0.00654214, -41.3974, 296.989, -0.216309, 0.245377
"Result of NSS_01", "00:00:00.154", 1, 72, 265.718, 129.006, 2.0901, 50, 0.041802, -155.651, 295.379, -0.861725, -1.90419
"Result of NSS_01", "00:00:00.155", 1, 73, 265.749, 128.786, 0.222651, 50, 0.00445302, 172.067, 295.31, 0.0307312, -0.22052
"Result of NSS_01", "00:00:00.155", 1, 74, 265.749, 128.786, 0, 50, 0, 0, 295.31, 0, 0
"Result of NSS_01", "00:00:00.155", 1, 75, 264.422, 127.654, 1.74357, 50, 0.0348713, -130.467, 293.624, -1.32648, -1.13158
"Result of NSS_01", "00:00:00.155", 1, 76, 263.613, 127.936, 0.856633, 50, 0.0171327, -70.7889, 293.018, -0.808929, 0.281876
"Result of NSS_01", "00:00:00.155", 1, 77, 263.613, 127.936, 0, 50, 0, 0, 293.018, 0, 0
"Result of NSS_01", "00:00:00.155", 1, 78, 262.841, 126.982, 1.22763, 50, 0.0245526, -141.016, 291.907, -0.772308, -0.954262
"Result of NSS_01", "00:00:00.155", 1, 79, 262.735, 126.928, 0.119245, 50, 0.00238489, -116.985, 291.788, -0.106262, -0.0541077
"Result of NSS_01", "00:00:00.156", 1, 80, 261.431, 125.521, 1.91827, 50, 0.0383655, -137.173, 290.003, -1.30402, -1.40688
"Result of NSS_01", "00:00:00.156", 1, 81, 260.839, 125.778, 0.645662, 50, 0.0129132, -66.4981, 289.581, -0.592102, 0.257477
"Result of NSS_01", "00:00:00.156", 1, 82, 260.839, 125.778, 0, 50, 0, 0, 289.581, 0, 0
"Result of NSS_01", "00:00:00.156", 1, 83, 258.521, 122.371, 4.12103, 50, 0.0824206, -145.781, 286.021, -2.3175, -3.40765
"Result of NSS_01", "00:00:00.156", 1, 84, 258.221, 122.141, 0.377699, 50, 0.00755398, -127.408, 285.651, -0.300018, -0.229446
"Result of NSS_01", "00:00:00.157", 1, 85, 255.201, 117.627, 5.43144, 50, 0.108629, -146.219, 281.005, -3.01999, -4.51445
"Result of NSS_01", "00:00:00.157", 1, 86, 254.68, 118.149, 0.737615, 50, 0.0147523, -44.9418, 280.751, -0.521042, 0.522102
"Result of NSS_01", "00:00:00.157", 1, 87, 254.68, 118.149, 0, 50, 0, 0, 280.751, 0, 0
"Result of NSS_01", "00:00:00.157", 1, 88, 250.931, 110.528, 8.49282, 50, 0.169856, -153.802, 274.195, -3.7494, -7.62037
"Result of NSS_01", "00:00:00.157", 1, 89, 251.122, 111.31, 0.804351, 50, 0.016087, 13.7239, 274.685, 0.190826, 0.781387
"Result of NSS_01", "00:00:00.157", 1, 90, 251.122, 111.309, 0.00111963, 50, 2.23925e-005, 162.553, 274.685, 0.000335693, -0.00106812
"Result of NSS_01", "00:00:00.158", 1, 91, 244.502, 103.957, 9.89325, 50, 0.197865, -138, 265.684, -6.61992, -7.35207
"Result of NSS_01", "00:00:00.158", 1, 92, 242.505, 102.76, 2.32851, 50, 0.0465701, -120.929, 263.378, -1.99741, -1.19679
"Result of NSS_01", "00:00:00.158", 1, 93, 234.452, 95.3346, 10.9538, 50, 0.219076, -132.678, 253.093, -8.05292, -7.42536
"Result of NSS_01", "00:00:00.158", 1, 94, 229.669, 92.4766, 5.5715, 50, 0.11143, -120.861, 247.588, -4.78265, -2.85794
"Result of NSS_01", "00:00:00.158", 1, 95, 227.698, 90.7303, 2.63361, 50, 0.0526722, -131.536, 245.109, -1.97137, -1.74631
"Result of NSS_01", "00:00:00.158", 1, 96, 219.156, 82.4144, 11.9212, 50, 0.238424, -134.233, 234.14, -8.5417, -8.3159
"Result of NSS_01", "00:00:00.159", 1, 97, 215.081, 80.2902, 4.59499, 50, 0.0918999, -117.536, 229.579, -4.07449, -2.12426
"Result of NSS_01", "00:00:00.159", 1, 98, 206.499, 72.0108, 11.925, 50, 0.2385, -133.97, 218.695, -8.58244, -8.27933
"Result of NSS_01", "00:00:00.159", 1, 99, 203.984, 71.26, 2.62434, 50, 0.0524867, -106.624, 216.073, -2.51465, -0.750786
